001000000
001000011
001001000
001001011
010111111
001010000
001000001
000111010
010111001
001010001
000111011
010111111
001011000
001111001
000111011
010111001
001011001
000111001
010111000
001010001
000111110
100000000
001000000
001000010
001001000
001001010
011111011
001001001
000111110
100000001
001001001
001001000
011111011
000111101
110000010
011111100
001000001
000111110
100000011
011111011
001000000
000111101
001001000
001001001
000111101
110000100
001111001
001000000
010111000
000111101
001001000
000111101
110000101
010111001
001000000
001000001
000111001
010111000
000111110
100000110
001100000
001000001
010111111
000111010
010111001
001100001
000111011
010111000
000111110
100000111
001000001
001000000
010111001
000111001
010111010
001111001
001101000
000111001
010111001
001101001
000111001
000011101
001000000
001000001
000101010
110001000
001011001
010111001
001011000
000111101
001000000
001000001
000111001
110001001
010111000
001001001
000111110
100001010
010111111
001011000
001011001
000111101
001100000
001001001
010111111
000111010
010111001
001100001
000111011
010111000
000111110
100001011
010111010
001101000
001111001
000111001
001101001
000011101
001001001
001001000
010111001
000111001
000101010
110001100
110001101
010111001
001011001
001011000
000111101
001001001
001001000
000111001
110001110
010111000
001010001
000111110
100001111
010111000
001111001
001000000
000111101
001001000
000111101
001100000
000111101
011111010
001100001
000111101
001011001
001011000
000100101
011111011
000111101
010111010
000111001
010111111
001010001
001010000
000111001
001011001
001000000
000010100
110010000
010111000
001000000
001111001
000111101
001001000
000111101
110010001
011111101
001011001
001100000
000111101
010111000
001111001
000100111
101010010
000100110
100010100
010111010
000111001
001011001
000100101
010111000
001111001
000100111
101010101
000100110
100010110
010111010
001011001
001100000
000111101
010111001
001111001
000011001
001100001
000111101
000001011
010111010
001101000
001011001
000111101
001001001
001000000
000101010
001101000
001111001
011111101
000011101
001100001
001001000
000101001
001010001
001010000
010111111
000111001
001000001
001000000
000010100
010111000
001111001
001101000
000111101
001101001
001101000
011111010
000111101
001011001
001011000
000101101
010111010
000111001
001000001
001000000
000011100
110010011
001100000
011111101
001111001
000011101
010111001
001111001
000100001
001100001
000111101
010111010
001101000
001011001
000111101
001001001
000101010
001100000
001101001
000100011
011111101
001111001
001101000
000011101
001001000
001001001
000101001
001000000
001000001
000101001
000100100
010111111
001010001
001010000
000111001
001000000
000000100
010111000
001111001
001101000
000111101
011111010
001101001
000111101
001011000
001011001
000101101
010111010
000111001
001000001
001000000
000011100
110010111
001100000
011111101
001011001
000111101
001101000
000111101
010111001
001111001
000101001
001101001
000111101
010111000
001110000
000111101
001110001
000000011
001101001
001101000
000001011
001001000
001001001
000100010
010111010
001111001
001111000
000111001
000100101
001110001
000111010
001001001
001001000
000111100
001000001
001000000
000100010
010111111
001111000
001010001
000111001
001000000
001111001
000000100
010111000
001110000
000111101
011111010
001110001
000111101
001011001
000110101
010111010
001110001
000111001
001000001
001000000
000110100
001000001
001111100
001001001
001110100
001111101
